# Created by Octave 4.4.0, Wed Apr 03 16:27:49 2019 EDT <surajamarnani@v1040-wn-rt-c-116-254.campus-dynamic.uwaterloo.ca>
# name: f0_est
# type: matrix
# rows: 1
# columns: 2
 0 0


